
+--------+----------------+--------------------+---------+---------+-------+------------+-----------+---------+---------------+------+-----+-------+--------------+
| user_id|           login|             company|following|followers|starred|repos_source|repos_forks|has_stars|contributess_to|issues|pulls|commits|commits_others|
+--------+----------------+--------------------+---------+---------+-------+------------+-----------+---------+---------------+------+-----+-------+--------------+
|    5203|        torvalds|    Linux Foundation|     null|    52722|      1|           5|          2|    46605|            105|     1| null|  48823|         39566|
|     896|     JakeWharton|        Square, Inc.|       24|    30161|    261|          86|         24|    82059|             58|  1125|  168|  16014|         11195|
|  376498|              Tj|                Apex|      175|    25827|    966|         238|         81|   114326|            138|   873| null|   4922|          3539|
|    6240|      addyosmani|              Google|      243|    24604|    522|         147|        154|    55154|            308|  1195|   36|  10762|          6865|
|    1779|       paulirish|   Google Chrome, ♥z|      253|    24510|    445|          56|        242|    16714|            123|  1175|   44|   9797|          7571|
|    9236|         mojombo|                null|       11|    23076|     37|          40|         20|    23566|             42|    18|   13|   3425|          2824|
|    1570|         defunkt|            @github |      230|    18522|    139|          78|         29|    36487|             61|   170|    6|   5068|          4073|
|    3871|    sindresorhus|@avajs @chalk @ye...|      188|    15755|   2274|         974|        142|   226099|            565|  3080|  108|  26326|          8341|
|    1736|douglascrockford|                null|     null|    15396|      5|          16|       null|    12040|             20|     1| null|   1193|           587|
|   13009|        mbostock|                null|       13|    14928|     29|          53|         18|    44739|             35|  1284|  137|  15904|         11370|
|   24452|         jeresig|              @Khan |       33|    14703|    372|          48|         47|     3325|             65|   160|    5|   6087|          4018|
|  616741|          ruanyf|                null|     null|    14701|    124|          36|         12|    45361|             11|     4|    1|   4619|           390|
| 2468643|        daimajia|Beijing Normal Un...|      234|    14507|   1974|          24|         37|    34265|             21|    77|    3|    849|           157|
|    2427|           mattt|              @apple|      203|    13705|    293|          59|          2|    26670|             36|    38|   21|   8136|          6342|
|   81423|             mdo|              GitHub|       23|    13443|    153|          23|         17|    11729|             41|   390|   34|  12367|         11598|
|     796|    kennethreitz|              Heroku|      224|    13360|    919|         119|         37|    76984|            105|   473|   41|  12559|          6860|
|   10005|         schacon|                null|       24|    13102|     86|          94|         82|     7472|            111|    72|   10|   3725|          3308|
|  417948|         gaearon|            Facebook|      177|    13007|   1172|          59|        177|    53475|             69|  1079|   38|  10576|          5387|
| 2016667|           jlord|              GitHub|       32|    11897|    139|         109|         41|     6824|            124|   251|    2|   6036|          2471|
|    1954|     visionmedia|                null|      157|    11714|    624|         160|         63|    67825|             80|  2343|   40|  29853|         22294|
|    7125|       jashkenas|The New York Time...|     null|    11410|      6|          17|       null|    49270|             24|    91|    1|  10622|          9589|
|    1199|        substack|    bits cooperative|      238|    11397|    277|         771|        195|    74744|            223|   291|   43|  19767|          4870|
|  130302|          Trinea|                DiDi|       49|    10980|   1160|          13|         10|    30802|             12|    63| null|   2528|          1360|
|   19076|     JacksonTian|             Alibaba|      146|    10666|    452|         121|         94|    14262|             46|   165|  101|   4291|          2316|
|    8179|             dhh|            Basecamp|     null|    10425|      9|        null|          6|      868|             28|   134|    4|   5629|          5590|
|   22947|        yinwang0|                null|       19|    10288|     44|          11|          1|     4085|              8|    27| null|   1926|           425|
|   18556|       yyx990803|                null|       89|    10254|    608|          60|         77|    10081|             29|   332|    5|  12111|          9451|
|    8320|     michaelliao| www.liaoxuefeng.com|        1|     9845|     74|          58|          4|     6795|              9|     9| null|   4253|           106|
|    2532|          mrdoob|                null|      110|     9651|     75|          32|         17|    44493|             31|   115|   11|  12837|          3234|
|   13256|         pjhyett|        GitHub, Inc.|       37|     9624|     14|           6|          2|       80|             34|     2|    1|    177|           172|
|   31824|      chrisbanes|           Google UK|     null|     9593|     36|           2|          5|    32563|             81|    27|    6|   6246|          4667|
|    9777|        LeaVerou|                 MIT|       30|     9430|     54|          45|         11|    19281|             16|   216| null|   2577|          1036|
|    9883|      lifesinger|                null|       10|     9308|    245|           3|       null|     3389|             86|   762|    3|   4912|          4777|
|    5823|           tpope|                null|       25|     9149|     19|          80|          9|    36680|             18|    55|   18|   5895|          2683|
|    5094|         cloudwu|            ejoy.com|        1|     9036|     36|          47|          7|    12485|             11|    39| null|   3405|           827|
|    3892|          wycats|         Tilde, Inc.|        4|     8992|     44|         110|         76|    16429|            137|   156|    8|   4670|          4123|
|    3569|       mitsuhiko|                null|       21|     8801|     52|         138|         55|    38750|             50|   478|   15|  13938|          8735|
|   28974|    taylorotwell|             Laravel|        2|     8428|    140|           8|          6|      793|             21|    96|    6|  38889|         38735|
|   27507|          hadley|           @rstudio |        8|     8319|     31|         167|         75|    16195|            132|  2912|   10|  24683|          9421|
|    9452|      JeffreyWay|           Laracasts|     null|     8192|     14|          27|         13|     5770|             95|    51|    5|   3563|          2230|
|   53055|       clowwindy|                null|       41|     8126|    433|          28|         25|    11839|             21|   260|    7|   5328|          1459|
|  104734|         onevcat|          LINE Corp.|      128|     8121|    874|          67|         76|    25926|             25|   140|    9|   3581|          1041|
|    1063|           ryanb|          RailsCasts|      107|     8043|    272|          44|          8|    16881|             15|   137|    6|   3069|          2591|
| 1019351|      stormzhang|        Boohee, Inc.|       99|     7941|   1126|          16|         10|     6896|             21|    12|    1|   1262|            92|
|13330706|      angusshire|         UC Berkeley|   230635|     7892|     28|           5|          3|      421|              2|  null| null|     48|            48|
|    2163|         hakimel|              Slides|       30|     7760|     54|          21|          3|    40870|             16|    42| null|   2216|           778|
|    5101|             fat|             bumpers|       70|     7648|     46|          17|         23|     5292|             51|    67|   17|   3154|          2984|
|  119087|            vczh|                null|        7|     7459|     22|           4|          3|     1720|              5|     6| null|   3405|          2780|
|    4828|          fabpot|          SensioLabs|     null|     7433|     56|          10|         37|     7171|             65|   169|  203|  55221|         49293|
|   12359|        laruence|             Lianjia|       19|     7323|     34|          20|         17|     7040|             19|    18|    8|   5845|          4593|
+--------+----------------+--------------------+---------+---------+-------+------------+-----------+---------+---------------+------+-----+-------+--------------+
