
+-------+-------------+--------------------+---------+---------+-------+------------+-----------+---------+---------------+------+-----+-------+--------------+
|user_id|        login|             company|following|followers|starred|repos_source|repos_forks|has_stars|contributess_to|issues|pulls|commits|commits_others|
+-------+-------------+--------------------+---------+---------+-------+------------+-----------+---------+---------------+------+-----+-------+--------------+
|   3871| sindresorhus|@avajs @chalk @ye...|      188|    15755|   2274|         974|        142|   226099|            565|  3080|  108|  26326|          8341|
|6498757| FreeCodeCamp|                null|        1|      110|      6|          95|          5|   214583|           null|     1| null|     18|          null|
| 376498|           Tj|                Apex|      175|    25827|    966|         238|         81|   114326|            138|   873| null|   4922|          3539|
| 234594|       docker|                null|        5|        3|      8|         121|         10|   109060|              1|     1| null|     12|          null|
|    896|  JakeWharton|        Square, Inc.|       24|    30161|    261|          86|         24|    82059|             58|  1125|  168|  16014|         11195|
|    796| kennethreitz|              Heroku|      224|    13360|    919|         119|         37|    76984|            105|   473|   41|  12559|          6860|
|   1199|     substack|    bits cooperative|      238|    11397|    277|         771|        195|    74744|            223|   291|   43|  19767|          4870|
|  17717|       getify|    Getify Solutions|        9|     6360|    254|          44|          5|    73675|             15|   437|    4|   3116|           155|
| 274322|          vhf|                null|       50|     2449|    531|          63|         69|    73353|             35|   135|    9|   5234|          1426|
| 215522|     Yalantis|                null|        4|     null|      4|          65|          2|    68689|           null|  null| null|   null|          null|
|   1954|  visionmedia|                null|      157|    11714|    624|         160|         63|    67825|             80|  2343|   40|  29853|         22294|
|1123322|        Apple|                null|     null|        7|   null|          37|          1|    66930|           null|  null| null|   null|          null|
|  15119| robbyrussell|   Planet Argon, LLC|       33|     1933|     50|           8|         26|    62104|             18|    39| null|   2108|          1122|
| 667293|       nodejs|                null|     null|       21|   null|         158|          9|    59809|           null|  null| null|   null|          null|
|3752431|  donnemartin|                null|        9|     1072|    976|          37|          5|    58763|              7|   176|    3|   4597|           458|
| 293854|         Zeit|                null|        2|     null|   null|          64|          3|    57722|           null|  null| null|   null|          null|
|   6240|   addyosmani|              Google|      243|    24604|    522|         147|        154|    55154|            308|  1195|   36|  10762|          6865|
| 417948|      gaearon|            Facebook|      177|    13007|   1172|          59|        177|    53475|             69|  1079|   38|  10576|          5387|
|2205410|kamranahmedse|             tajawal|       65|      177|    569|          43|         13|    50494|             16|    43| null|   1610|           187|
|2813904|      jwasham|                null|        7|      805|     80|          31|          7|    49707|              1|    15| null|   1157|           149|
|1147949|     wasabeef|    CyberAgent, Inc.|       41|     3341|    819|          22|          7|    49650|              6|     6| null|   1495|           153|
|   3816|      daneden|            Facebook|      101|     3738|     61|          45|         10|    49553|             18|    30|    2|   2409|           459|
|   7125|    jashkenas|The New York Time...|     null|    11410|      6|          17|       null|    49270|             24|    91|    1|  10622|          9589|
|1963067|      tencent|                null|     null|       14|      5|          38|          2|    48844|           null|  null| null|      2|             2|
|2629032|     typicode|                null|     null|     1014|    166|          29|         19|    47616|             11|    33|    1|   3626|            94|
|   5260|      antirez|          Redis Labs|        2|     7215|     41|          54|          3|    47226|             13|   185| null|  12361|          5178|
| 204125|      elastic|                null|        6|        9|     20|         187|         19|    46946|              6|  null| null|     19|             9|
|   5203|     torvalds|    Linux Foundation|     null|    52722|      1|           5|          2|    46605|            105|     1| null|  48823|         39566|
| 616741|       ruanyf|                null|     null|    14701|    124|          36|         12|    45361|             11|     4|    1|   4619|           390|
|  13009|     mbostock|                null|       13|    14928|     29|          53|         18|    44739|             35|  1284|  137|  15904|         11370|
|   2532|       mrdoob|                null|      110|     9651|     75|          32|         17|    44493|             31|   115|   11|  12837|          3234|
|  10227|       feross|Study Notes, WebT...|      199|     5577|    854|         163|        153|    43445|            155|  1582|   13|  17300|          2083|
| 129526|     bevacqua| JavaScript @elastic|      176|     2954|    339|         186|        102|    42447|             62|   201|    6|  14245|          3267|
|   6258|      necolas|             Twitter|       27|     5799|    289|          31|         34|    42179|             70|  1079|   31|   4322|          2596|
| 139710|    toddmotto|Telerik, Ultimate...|       43|     3272|    133|          59|         23|    41596|             37|    50|    6|   3454|          1319|
|  10321|      blueimp|         blueimp.net|     null|     3237|     27|          52|          6|    40990|              9|    11|    1|   4155|          1839|
|   2163|      hakimel|              Slides|       30|     7760|     54|          21|          3|    40870|             16|    42| null|   2216|           778|
|   8293|        spf13|             @Google|       81|     2905|    572|          35|         54|    40784|             54|    68|    4|   1938|           466|
|  43814|    justjavac|    @Flarum-Chinese |      129|     5685|    728|          34|         25|    40403|             13|   118| null|   3014|           415|
| 490958|       jekyll|                null|     null|     null|   null|          53|       null|    40031|           null|  null| null|   null|          null|
|2574738|        vinta|       @StreetVoice |      122|     1512|   1958|          26|         18|    39832|             10|   188| null|   2239|           194|
|   3569|    mitsuhiko|                null|       21|     8801|     52|         138|         55|    38750|             50|   478|   15|  13938|          8735|
| 122176|      astaxie|               Apple|       18|     6334|    100|          34|         40|    37919|             36|    62|    1|   5121|          2264|
|1279090|        Realm|                null|     null|     null|   null|          31|          5|    37826|           null|  null| null|   null|          null|
| 501475|        jlevy|                null|       87|      684|    885|           8|         13|    37551|              3|   181|    2|   1144|           391|
|  11213| nicklockwood|     Charcoal Design|     null|     4179|     32|          64|         23|    37365|             20|    13|    2|   3519|          1750|
|  76839|     Firebase|                null|        8|       39|     10|         147|         20|    37320|              1|  null| null|   null|          null|
|   5823|        tpope|                null|       25|     9149|     19|          80|          9|    36680|             18|    55|   18|   5895|          2683|
|   1570|      defunkt|            @github |      230|    18522|    139|          78|         29|    36487|             61|   170|    6|   5068|          4073|
|3582041|     electron|                null|     null|     null|   null|          55|          1|    35206|           null|  null| null|      2|          null|
+-------+-------------+--------------------+---------+---------+-------+------------+-----------+---------+---------------+------+-----+-------+--------------+
